function I = Inertia()
Ipm = [0.0001020703 0.0003248936 0.0003536944 -5.214394e-9 -0.000021186541 -4.141348e-9];
Ic = [Ipm(2), Ipm(3), Ipm(1), -Ipm(6), -Ipm(4), Ipm(5)];
I(:,:,1) = [Ic(1), Ic(4), Ic(5); Ic(4), Ic(2), Ic(6); Ic(5), Ic(6), Ic(3)];
Ipm = [0.0037862305 0.0037251264 0.000069776668 0 0 5.903745e-8];
Ic = [Ipm(3), Ipm(2), Ipm(1), Ipm(6), Ipm(5), Ipm(4)];
I(:,:,2) = [Ic(1), Ic(4), Ic(5); Ic(4), Ic(2), Ic(6); Ic(5), Ic(6), Ic(3)];
Ipm = [0.0005109958 0.0004804467 0.00004810136 1.922692e-9 -0.000001586224 1.960234e-9];
Ic = [Ipm(2), Ipm(3), Ipm(1), -Ipm(6), -Ipm(4), Ipm(5)];
I(:,:,3) = [Ic(1), Ic(4), Ic(5); Ic(4), Ic(2), Ic(6); Ic(5), Ic(6), Ic(3)];
Ipm = [0.0001933181 0.00007567544 0.0001953757 -0.00003628615 -1.204e-8 1.37e-8];
Ic = [Ipm(3), -Ipm(1), Ipm(2), Ipm(5), -Ipm(6), -Ipm(4)];
I(:,:,4) = [Ic(1), Ic(4), Ic(5); Ic(4), Ic(2), Ic(6); Ic(5), Ic(6), Ic(3)];
Ic = [Ipm(3), Ipm(2), Ipm(1), Ipm(6), -Ipm(5), -Ipm(4)];
I(:,:,5) = [Ic(1), Ic(4), Ic(5); Ic(4), Ic(2), Ic(6); Ic(5), Ic(6), Ic(3)];
Ipm = [0.00004659624 0.00002647306 0.00005247987 0.00000413032 -1.0573e-7 -3.244e-8];
Ic = [Ipm(3), Ipm(1), Ipm(2), Ipm(5), -Ipm(6), -Ipm(4)];
I(:,:,6) = [Ic(1), Ic(4), Ic(5); Ic(4), Ic(2), Ic(6); Ic(5), Ic(6), Ic(3)];

end